,class,id
0,1.0,271
1,0.0,139
2,1.0,993
3,0.0,613
4,0.0,7
5,1.0,52
6,1.0,1054
7,0.0,575
8,1.0,326
9,1.0,179
10,1.0,242
11,1.0,1168
12,1.0,869
13,0.0,67
14,1.0,1204
15,0.0,394
16,1.0,827
17,1.0,229
18,1.0,168
19,1.0,5
20,0.0,76
21,0.0,445
22,0.0,1721
23,1.0,263
24,0.0,448
25,1.0,1320
26,0.0,96
27,0.0,1752
28,1.0,290
29,1.0,262
30,1.0,1056
31,0.0,537
32,1.0,203
33,1.0,302
34,0.0,1944
35,1.0,160
36,0.0,544
37,0.0,466
38,1.0,257
39,1.0,261
40,0.0,437
41,1.0,1142
42,0.0,647
43,0.0,342
44,1.0,885
45,0.0,324
46,1.0,32
47,1.0,1197
48,1.0,146
49,1.0,1261
50,0.0,41
51,0.0,805
52,0.0,353
53,0.0,148
54,0.0,555
55,1.0,279
56,0.0,496
57,0.0,423
58,0.0,700
59,1.0,235
60,1.0,1183
61,1.0,123
62,1.0,277
63,1.0,198
64,1.0,237
65,1.0,1141
66,1.0,64
67,0.0,478
68,0.0,602
69,1.0,239
70,1.0,112
71,1.0,164
72,1.0,1024
73,0.0,521
74,1.0,196
75,0.0,397
76,1.0,1162
77,1.0,321
78,0.0,380
79,1.0,393
80,0.0,305
81,1.0,558
82,1.0,864
83,0.0,671
84,0.0,320
85,0.0,726
86,0.0,23
87,0.0,422
88,0.0,143
89,1.0,983
90,1.0,95
91,0.0,565
92,0.0,666
93,0.0,329
94,0.0,651
95,1.0,91
96,0.0,517
97,0.0,492
98,0.0,697
99,1.0,169
100,1.0,181
101,1.0,118
102,1.0,38
103,1.0,53
104,1.0,204
105,0.0,643
106,1.0,151
107,0.0,166
108,0.0,625
109,0.0,936
110,1.0,211
111,0.0,382
112,1.0,1088
113,1.0,638
114,0.0,401
115,0.0,579
116,1.0,86
117,1.0,880
118,0.0,351
119,0.0,116
120,1.0,227
121,0.0,719
122,0.0,367
123,1.0,238
124,1.0,131
125,0.0,534
126,0.0,548
127,0.0,689
128,1.0,247
129,0.0,1026
130,0.0,65
131,0.0,375
132,1.0,107
133,0.0,124
134,1.0,656
135,0.0,503
136,0.0,90
137,0.0,165
138,0.0,101
139,0.0,628
140,1.0,292
141,1.0,611
142,1.0,157
143,1.0,417
144,0.0,115
145,0.0,195
146,1.0,232
147,0.0,1772
148,0.0,598
149,0.0,421
150,0.0,58
151,1.0,1126
152,0.0,24
153,1.0,728
154,0.0,500
155,1.0,408
156,0.0,699
157,0.0,212
158,0.0,17
159,0.0,150
160,1.0,21
161,0.0,583
162,0.0,381
163,0.0,35
164,0.0,585
165,0.0,77
166,0.0,312
167,0.0,572
168,0.0,133
169,0.0,1646
170,0.0,158
171,1.0,110
172,0.0,89
173,0.0,172
174,1.0,386
